2728
2811
2979
2952
2829
2898
3009
3095
2991
2859
3154
3201
3258
3193
3102
3047
3130
3197
3234
3310
3297
3404
3360
3481
3527
3567
3867
3941
3973
4005
4114
4159
4187
4268
4101
4283
4373
4422
4619
4805
4823
5017
5179
5093
5282
5246
5370
5444
5432
5398
5497
5482
5530
5640
5567
5929
6038
5997
5902
5949
5941
6175
6178
6142
6583
6559
6852
6905
7283
7286
7164
7209
8317
7523
7559
6908
6967
7154
7299
7280
7037
7212
7312
7284
7428
7568
7818
7822
7555
7830
8040
8171
8105
8277
8083
8203
7849
7955
8261
8169
8191
7977
7908
8192
8581
8445
8595
8391
8569
8809
8920
9452
8854
8974
8640
8615
8345
8488
8219
8220
8237
8470
7954
7567
7532
7879
7632
7504
6802
6649
6260
6450
6384
